20151020  12:11:45  2382392  1754488
20151020  12:11:45  2376084  1761044
20151020  12:11:45  2374968  1762036
20151020  12:11:45  2324992  1812052
20151020  12:11:45  2320976  1816028
20151020  12:11:45  2305996  1830900
20151020  12:11:45  2354656  1782348
20151020  12:11:45  2354012  1782868
20151020  12:11:45  2354888  1782064
20151020  12:11:45  2351176  1785704
20151020  12:11:45  2357800  1779080
20151020  12:11:45  2363128  1773876
20151020  12:24:59  2360744  1776384
20151020  12:24:59  2394152  1742852
20151020  12:24:59  2391512  1745492
20151020  12:24:59  2393836  1743044
20151020  12:24:59  2393828  1743176
20151020  12:24:59  2343560  1793664
20151020  12:24:59  2343692  1793436
20151020  12:24:59  2343776  1793004
20151020  12:24:59  2343620  1793572
20151020  12:24:59  2343664  1793216
20151020  12:24:59  2343260  1793552
20151020  12:24:59  2343368  1793512
20151020  12:24:59  2343212  1793668
20151020  12:24:59  2343180  1793700
20151020  12:24:59  2343124  1793880
20151020  12:24:59  2343248  1793880
20151020  12:24:59  2342624  1794280
20151020  12:24:59  2342708  1794296
20151020  12:24:59  2342436  1794500
20151020  12:24:59  2342776  1794228
20151020  12:24:59  2342668  1794212
20151020  12:24:59  2342528  1794352
20151020  12:24:59  2342092  1795076
20151020  12:24:59  2342176  1794704
20151020  12:24:59  2341988  1795104
20151020  12:24:59  2341964  1795040
20151020  12:24:59  2341800  1795328
20151020  12:24:59  2341808  1795196
20151020  12:24:59  2341780  1795224
20151020  12:24:59  2341664  1795464
20151020  12:24:59  2341400  1795604
20151020  12:24:59  2390184  1746596
20151020  12:24:59  2390312  1746692
20151020  12:24:59  2390468  1746660
20151020  12:24:59  2390264  1747052
20151020  12:24:59  2341524  1795356
20151020  12:24:59  2341252  1795652
20151020  12:24:59  2341240  1795764
20151020  12:24:59  2341188  1796128
20151020  12:24:59  2341016  1795988
20151020  12:24:59  2341016  1795864
20151020  12:24:59  2325040  1811964
20151020  12:24:59  2324644  1812360
20151020  12:24:59  2324492  1812636
20151020  12:24:59  2324772  1812396
20151020  12:24:59  2324484  1812396
20151020  12:24:59  2324336  1812668
20151020  12:24:59  2323896  1812984
20151020  12:24:59  2323956  1812980
20151020  12:24:59  2323612  1813516
20151020  12:24:59  2323640  1813172
20151020  12:24:59  2323652  1813516
20151020  12:24:59  2323404  1813476
20151020  12:24:59  2323688  1813192
20151020  12:24:59  2323284  1813596
20151020  12:24:59  2322996  1814132
20151020  12:24:59  2322824  1814056
20151020  12:24:59  2322760  1814176
20151020  12:24:59  2322564  1814316
20151020  12:24:59  2322524  1814256
20151020  12:24:59  2322352  1814460
20151020  12:24:59  2371724  1765280
20151020  12:24:59  2371872  1765132
20151020  12:24:59  2371576  1765328
20151020  12:24:59  2371388  1765616
20151020  12:24:59  2321876  1815292
20151020  12:24:59  2321756  1815372
20151020  12:24:59  2321832  1815048
20151020  12:24:59  2321884  1815120
20151020  12:24:59  2321836  1815168
20151020  12:24:59  2321912  1815092
20151020  12:24:59  2321664  1815652
20151020  12:24:59  2321196  1815740
20151020  12:24:59  2321500  1815684
20151020  12:24:59  2321228  1815776
20151020  12:24:59  2321000  1816004
20151020  12:24:59  2320876  1816004
20151020  12:24:59  2320852  1816084
20151020  12:24:59  2320564  1816248
20151020  12:24:59  2320840  1816288
20151020  12:24:59  2320616  1816388
20151020  12:24:59  2320848  1816156
20151020  12:24:59  2320436  1816756
20151020  12:24:59  2320396  1816608
20151020  12:24:59  2320348  1816844
20151020  12:24:59  2319944  1816936
20151020  12:24:59  2319896  1816952
20151020  12:24:59  2319940  1816940
20151020  12:24:59  2319612  1817268
20151020  12:24:59  2319836  1817044
20151020  12:24:59  2319936  1817068
20151020  12:24:59  2369624  1767256
20151020  12:24:59  2368160  1768720
20151020  12:24:59  2367184  1769908
20151020  12:24:59  2367412  1769592
20151020  12:24:59  2323784  1813220
20151020  12:24:59  2327836  1809044
20151020  12:24:59  2328032  1809284
20151020  12:24:59  2327908  1808972
20151020  12:24:59  2319704  1817424
20151020  12:24:59  2319556  1817324
20151020  12:24:59  2319768  1817432
20151020  12:24:59  2318896  1818132
20151020  12:24:59  2319064  1817816
20151020  12:24:59  2319140  1817740
20151020  12:24:59  2318844  1818036
20151020  12:24:59  2318796  1818208
20151020  12:24:59  2318788  1818188
20151020  12:24:59  2318624  1818180
20151020  12:24:59  2318444  1818560
20151020  12:24:59  2318164  1818616
20151020  12:24:59  2318248  1818632
20151020  12:24:59  2317828  1819148
20151020  12:24:59  2317796  1819108
20151020  12:24:59  2317936  1819208
20151020  12:24:59  2317732  1819272
20151020  12:24:59  2317972  1819156
20151020  12:24:59  2317568  1819436
20151020  12:24:59  2317512  1819492
20151020  12:24:59  2314852  1822176
20151020  12:24:59  2316944  1819836
20151020  12:24:59  2361292  1775588
20151020  12:24:59  2360964  1775916
20151020  12:24:59  2361288  1775716
20151020  12:24:59  2360540  1776240
20151020  12:24:59  2312004  1824932
20151020  12:24:59  2312204  1824676
20151020  12:24:59  2312188  1824996
20151020  12:24:59  2312176  1824828
20151020  12:24:59  2312036  1824844
20151020  12:24:59  2312160  1824720
20151020  12:24:59  2311880  1825000
20151020  12:24:59  2311652  1825252
20151020  12:24:59  2311472  1825408
20151020  12:24:59  2311016  1825836
20151020  12:24:59  2191160  1945968
20151020  12:24:59  2190916  1946088
20151020  12:24:59  2191100  1945780
20151020  12:24:59  2191208  1945796
20151020  12:24:59  2191176  1945952
20151020  12:24:59  2190700  1946436
20151020  12:24:59  2143568  1993352
20151020  12:24:59  2119184  2017820
20151020  12:24:59  1942708  2194516
